342,81
366,182
366,181
366,180
366,176
345,37
342,86
342,85
342,80
345,36
342,50
342,54
345,35
342,77
342,66
342,22
342,68
342,84
367,34
342,62
342,59
367,7
367,25
342,130
367,31
367,8
342,129
367,12
367,15
342,53
345,34
367,11
342,128
345,33
345,32
345,29
342,79
342,78
345,31
345,24
367,13
342,75
342,74
342,56
367,10
342,72
342,37
367,4
368,20
367,5
368,19
366,40
366,27
366,111
345,30
367,30
367,44
367,40
342,33
345,26
345,28
342,61
342,71
342,69
342,70
367,38
367,29
342,42
342,44
342,67
342,65
342,6
367,16
345,27
342,32
367,22
342,9
342,60
345,17
342,58
342,57
342,55
342,52
342,8
345,25
342,51
345,19
367,21
367,42
342,29
342,49
368,18
345,23
342,35
400,3
400,2
400,1
400,0
342,48
342,47
342,46
366,110
0,393
350,0
349,23
349,22
349,21
349,20
349,19
349,18
349,17
349,16
349,15
349,14
349,13
349,12
349,11
349,10
349,9
349,8
349,7
349,6
349,5
349,4
349,3
349,2
349,1
349,0
348,3
348,2
348,1
348,0
347,11
347,10
347,9
347,8
347,7
347,6
347,5
347,4
347,3
347,2
347,1
347,0
346,5
346,4
346,3
346,2
346,1
346,0
345,22
345,21
345,20
345,18
345,16
345,15
345,14
345,13
345,12
345,11
345,10
345,9
345,8
345,7
345,6
345,5
345,4
345,3
345,2
345,1
345,0
344,4
344,3
344,2
344,1
344,0
343,4
343,3
343,2
343,1
343,0
342,45
342,43
342,41
342,39
342,38
342,36
342,34
342,31
342,30
342,28
342,27
342,26
342,25
342,24
342,23
342,21
342,20
342,19
342,18
342,17
342,16
342,15
342,14
342,13
342,12
342,11
342,10
342,7
342,5
342,4
342,3
342,2
342,1
342,0
325,3
325,2
325,1
325,0
323,13
323,12
323,11
323,10
323,9
323,8
323,7
323,6
323,5
323,4
323,3
323,2
323,1
323,0
321,5
321,4
321,3
321,2
321,1
321,0
320,5
320,4
320,3
320,2
320,1
320,0
319,7
319,6
319,5
319,4
319,3
319,2
319,1
319,0
318,8
318,7
318,6
318,5
318,4
318,3
318,2
318,1
318,0
316,5
316,4
316,3
316,2
316,1
316,0
313,11
313,10
313,9
313,8
313,7
313,6
313,5
313,4
313,3
313,2
313,1
313,0
305,4
305,3
305,2
305,1
305,0
303,4
303,3
303,2
303,1
303,0
284,7
284,6
284,5
284,4
284,3
284,2
284,1
284,0
281,6
281,5
281,4
281,3
281,2
281,1
281,0
2,22
2,21
2,20
2,19
2,18
2,12
2,9
2,6
2,4
2,3
1,3
4,3
0,435
0,434
0,243
0,9
0,1
350,1
350,2
351,0
351,1
351,3
351,4
352,0
352,2
352,3
353,0
353,1
353,3
353,5
353,6
354,1
354,2
354,4
354,5
355,0
355,2
355,3
355,5
355,6
356,1
356,3
356,4
357,1
357,2
357,4
358,0
358,2
358,4
358,5
359,1
359,2
359,4
360,1
360,2
360,4
361,0
361,2
361,3
362,0
362,2
362,3
362,5
362,6
363,1
363,3
363,4
363,6
363,7
363,9
364,0
364,1
364,3
364,4
365,1
365,2
365,4
366,1
366,2
366,4
366,5
366,12
366,14
366,15
366,17
366,18
366,20
366,21
366,23
366,25
366,26
366,28
366,29
366,31
366,33
366,34
366,36
366,37
366,39
366,64
366,66
366,68
366,69
366,71
366,72
366,74
366,76
366,77
366,79
366,80
366,82
366,84
366,85
366,87
366,88
366,90
366,91
366,93
366,95
366,96
366,98
366,99
366,101
366,103
366,104
366,106
366,107
366,109
366,112
366,114
366,116
366,117
366,119
366,120
366,122
366,124
366,125
366,127
366,128
366,130
366,131
366,133
366,135
366,136
366,138
366,139
366,141
366,143
366,144
366,146
366,147
366,149
366,150
366,152
366,154
366,155
366,157
366,158
366,160
366,162
366,163
366,165
366,166
366,168
366,170
366,171
366,173
366,174
366,177
366,178
367,0
367,2
367,3
367,6
367,14
367,17
367,19
367,24
367,27
367,32
367,33
367,35
367,36
367,41
367,43
368,0
368,2
368,3
368,5
368,7
368,8
368,10
368,11
369,1
369,2
369,4
369,5
370,1
370,3
370,4
371,0
371,1
371,3
371,4
372,0
372,2
372,3
372,5
373,1
373,2
373,4
373,5
374,0
374,1
374,3
374,5
374,6
375,1
375,2
375,4
376,1
376,2
376,4
376,5
377,1
377,2
377,4
378,0
378,1
378,3
378,4
379,0
379,2
379,3
379,5
379,6
380,0
380,2
380,3
380,5
381,0
381,2
381,3
382,0
382,2
382,3
383,0
383,1
383,3
384,0
384,1
384,3
384,4
385,1
385,2
385,4
386,0
386,1
386,3
386,4
387,1
387,3
387,4
387,6
387,7
388,0
388,1
388,3
389,0
389,1
389,3
389,4
390,0
390,2
390,3
391,0
391,1
391,3
391,5
392,0
392,2
392,3
393,0
393,1
393,3
393,5
394,0
394,2
394,3
395,0
395,2
395,3
395,5
396,0
396,2
396,3
396,5
397,1
397,2
397,4
397,5
397,7
398,1
398,2
398,4
398,5
399,1
399,2
2,10
399,3
399,0
398,3
398,0
397,6
397,3
397,0
396,4
396,1
395,4
395,1
394,4
394,1
393,4
393,2
392,4
392,1
391,4
391,2
390,4
390,1
389,5
389,2
388,4
388,2
387,8
387,5
387,2
387,0
386,2
385,5
385,3
385,0
384,2
383,4
383,2
382,4
382,1
381,4
381,1
380,4
380,1
379,7
379,4
379,1
378,5
378,2
377,5
377,3
377,0
376,3
376,0
375,3
375,0
374,4
374,2
373,6
373,3
373,0
372,4
372,1
371,5
371,2
370,5
370,2
370,0
369,3
369,0
368,12
368,9
368,6
368,4
368,1
367,45
367,39
367,37
367,28
367,23
367,20
367,18
367,9
367,1
366,179
366,175
366,172
366,169
366,167
366,164
366,161
366,159
366,156
366,153
366,151
366,148
366,145
366,142
366,140
366,137
366,134
366,132
366,129
366,126
366,123
366,121
366,118
366,115
366,113
366,108
366,105
366,102
366,100
366,97
366,94
366,92
366,89
366,86
366,83
366,81
366,78
366,75
366,73
366,70
366,67
366,65
366,38
366,35
366,32
366,30
366,24
366,22
366,19
366,16
366,13
366,9
366,3
366,0
365,3
365,0
364,2
363,10
363,8
363,5
363,2
363,0
362,4
362,1
361,4
361,1
360,3
360,0
359,3
359,0
358,3
358,1
357,3
357,0
356,2
356,0
355,4
355,1
354,6
354,3
354,0
353,4
353,2
352,4
352,1
351,5
351,2
350,3
0,442
0,300
0,299
0,298
0,297
0,296
0,295
0,294
0,293
0,292
0,291
0,290
0,289
0,288
0,287
0,286
0,285
0,284
0,283
0,282
0,281
0,280
0,279
0,278
0,277
0,276
0,275
0,274
0,273
0,272
0,271
0,270
0,269
0,268
0,267
0,266
0,265
0,264
0,263
0,262
0,261
0,260
0,259
0,258
0,257
0,256
0,255
0,254
0,253
0,252
0,251
0,250
0,249
0,248
0,247
0,246
0,245
0,244
0,242
0,241
0,240
0,239
0,238
0,237
0,236
0,235
0,234
0,233
0,232
0,231
0,230
0,229
0,228
0,227
0,226
0,225
0,224
0,223
0,222
0,221
0,220
0,219
0,218
0,217
0,216
0,215
0,214
0,213
0,212
0,211
0,210
0,209
0,208
0,207
0,206
0,205
0,204
0,203
0,202
0,201
0,200
0,199
0,198
0,197
0,196
0,195
0,194
0,193
0,192
0,63
0,62
0,61
0,60
0,59
0,58
0,57
0,56
0,55
0,54
0,53
0,52
0,51
0,50
0,49
0,48
0,47
0,46
0,45
0,6
0,0
0,5
0,304
0,303
0,306
0,305
0,302
0,12
0,396
0,10
0,8
0,420
0,11
0,2
0,4
0,3
0,7
